Rounded t down to nearest multiple of 1/gamma.
J = 2 , D = 276 , s = 7 , gamma = 25.0 , (P= 1000.0 ) , load= 0.8828 
 lambda: [2.0462 2.442 ] 
 mu: [0.9772 0.5977] 
 Target: [1. 1.] 
 r: [1. 1.] 
 c: [1. 1.] 
 s_star: [2.5113 4.4887] 
 rho: [0.8338 0.9102] 
 P(W>D): [0.01192937 0.07275465] 
 Weighted cap_prob: 0.045 
 W:  0.1179 GB. 
 V:  0.0393 GB.
iter:  0 inner_iter:  -1 , delta:  0.88 , D_min 0.0 , D_max 0.88 , g:  25.0
iter:  100 inner_iter:  -1 , delta:  0.07 , D_min 0.01 , D_max 0.08 , g:  2.3368
iter:  200 inner_iter:  -1 , delta:  0.05 , D_min 0.02 , D_max 0.07 , g:  2.7273
Value Iteration iter: 260 ( -1 ) reached max_time = True , g~ 2.8918
iter:  0 inner_iter:  0 , delta:  3.79 , D_min 0.08 , D_max 3.86 , g:  112.0743
One-step Policy Improvement iter: 0 ( 0 ) reached max_time = True , g~ 112.0743
