Rounded t down to nearest multiple of 1/gamma.
J = 3 , D = 455 , s = 2 , gamma = 25.0 , (P= 1000.0 ) , load= 0.6502 
 lambda: [0.099  0.3804 0.1597] 
 mu: [0.6312 0.6556 0.2835] 
 Target: [1. 1. 1.] 
 r: [1. 1. 1.] 
 c: [1. 1. 1.] 
 s_star: [0.2004 1.1987 0.601 ] 
 rho: [0.7829 0.4841 0.9374] 
 P(W>D): [5.57899745e-01 3.28293339e-04 7.86633222e-01] 
 Weighted cap_prob: 0.2832 
 W:  81.9235 GB. 
 V:  20.4809 GB.
