Rounded t down to nearest multiple of 1/gamma.
J = 2 , D = 227 , s = 5 , gamma = 25.0 , (P= 1000.0 ) , load= 0.7504 
 lambda: [1.3553 0.6928] 
 mu: [0.8493 0.3213] 
 Target: [1. 1.] 
 r: [1. 1.] 
 c: [1. 1.] 
 s_star: [2.5057 2.4943] 
 rho: [0.6369 0.8645] 
 P(W>D): [0.00064808 0.30012074] 
 Weighted cap_prob: 0.1019 
 W:  0.0449 GB. 
 V:  0.015 GB.
iter:  0 inner_iter:  -1 , delta:  0.92 , D_min 0.0 , D_max 0.92 , g:  25.0
iter:  100 inner_iter:  -1 , delta:  0.03 , D_min 0.01 , D_max 0.04 , g:  1.1947
iter:  200 inner_iter:  -1 , delta:  0.02 , D_min 0.01 , D_max 0.04 , g:  1.3321
iter:  300 inner_iter:  -1 , delta:  0.01 , D_min 0.02 , D_max 0.03 , g:  1.5786
iter:  400 inner_iter:  -1 , delta:  0.01 , D_min 0.03 , D_max 0.03 , g:  1.6245
iter:  500 inner_iter:  -1 , delta:  0.01 , D_min 0.03 , D_max 0.03 , g:  1.6406
iter:  600 inner_iter:  -1 , delta:  0.01 , D_min 0.03 , D_max 0.03 , g:  1.6415
iter:  700 inner_iter:  -1 , delta:  0.0 , D_min 0.03 , D_max 0.03 , g:  1.6453
iter:  800 inner_iter:  -1 , delta:  0.0 , D_min 0.03 , D_max 0.03 , g:  1.6506
Value Iteration iter: 860 ( -1 ) reached max_time = True , g~ 1.654
iter:  0 inner_iter:  0 , delta:  2.58 , D_min 0.04 , D_max 2.62 , g:  72.1441
One-step Policy Improvement iter: 0 ( 0 ) reached max_time = True , g~ 72.1441
