Rounded t down to nearest multiple of 1/gamma.
J = 3 , D = 141 , s = 7 , gamma = 25.0 , (P= 1000.0 ) , load= 0.6992 
 lambda: [0.3571 0.8738 1.147 ] 
 mu: [0.2814 0.4551 0.6725] 
 Target: [1. 1. 1.] 
 r: [1. 1. 1.] 
 c: [1. 1. 1.] 
 s_star: [1.3946 2.8333 2.7722] 
 rho: [0.9101 0.6777 0.6152] 
 P(W>D): [0.73384558 0.0508834  0.00889   ] 
 Weighted cap_prob: 0.1332 
 W:  46.9121 GB. 
 V:  11.728 GB.
