Rounded t down to nearest multiple of 1/gamma.
J = 2 , D = 177 , s = 8 , gamma = 25.0 , (P= 1000.0 ) , load= 0.6936 
 lambda: [0.879  0.9161] 
 mu: [0.5937 0.2252] 
 Target: [1. 1.] 
 r: [1. 1.] 
 c: [1. 1.] 
 s_star: [2.5869 5.4131] 
 rho: [0.5724 0.7515] 
 P(W>D): [0.00430432 0.05829527] 
 Weighted cap_prob: 0.0319 
 W:  0.0616 GB. 
 V:  0.0205 GB.
iter:  0 inner_iter:  -1 , delta:  0.91 , D_min 0.0 , D_max 0.91 , g:  25.0
iter:  100 inner_iter:  -1 , delta:  0.01 , D_min 0.02 , D_max 0.03 , g:  1.5075
iter:  200 inner_iter:  -1 , delta:  0.01 , D_min 0.02 , D_max 0.03 , g:  1.5576
iter:  300 inner_iter:  -1 , delta:  0.01 , D_min 0.03 , D_max 0.03 , g:  1.5825
iter:  400 inner_iter:  -1 , delta:  0.01 , D_min 0.03 , D_max 0.03 , g:  1.5955
iter:  500 inner_iter:  -1 , delta:  0.0 , D_min 0.03 , D_max 0.03 , g:  1.6044
iter:  600 inner_iter:  -1 , delta:  0.0 , D_min 0.03 , D_max 0.03 , g:  1.6109
iter:  700 inner_iter:  -1 , delta:  0.0 , D_min 0.03 , D_max 0.03 , g:  1.616
Value Iteration iter: 760 ( -1 ) reached max_time = True , g~ 1.6185
iter:  0 inner_iter:  0 , delta:  2.65 , D_min 0.03 , D_max 2.68 , g:  74.3442
One-step Policy Improvement iter: 0 ( 0 ) reached max_time = True , g~ 74.3442
