Rounded t down to nearest multiple of 1/gamma.
J = 2 , D = 146 , s = 9 , gamma = 25.0 , (P= 1000.0 ) , load= 0.8096 
 lambda: [1.4953 3.0444] 
 mu: [0.3899 0.882 ] 
 Target: [1. 1.] 
 r: [1. 1.] 
 c: [1. 1.] 
 s_star: [4.3675 4.6325] 
 rho: [0.878  0.7451] 
 P(W>D): [0.23785327 0.002431  ] 
 Weighted cap_prob: 0.08 
 W:  0.0519 GB. 
 V:  0.0173 GB.
iter:  0 inner_iter:  -1 , delta:  0.86 , D_min 0.0 , D_max 0.86 , g:  25.0
iter:  100 inner_iter:  -1 , delta:  0.05 , D_min 0.03 , D_max 0.08 , g:  3.0928
iter:  200 inner_iter:  -1 , delta:  0.02 , D_min 0.06 , D_max 0.08 , g:  3.8976
iter:  300 inner_iter:  -1 , delta:  0.01 , D_min 0.06 , D_max 0.08 , g:  3.9978
iter:  400 inner_iter:  -1 , delta:  0.01 , D_min 0.06 , D_max 0.07 , g:  4.0232
iter:  500 inner_iter:  -1 , delta:  0.01 , D_min 0.07 , D_max 0.07 , g:  4.0499
iter:  600 inner_iter:  -1 , delta:  0.01 , D_min 0.07 , D_max 0.07 , g:  4.0736
iter:  700 inner_iter:  -1 , delta:  0.0 , D_min 0.07 , D_max 0.07 , g:  4.0934
Value Iteration iter: 700 ( -1 ) reached max_time = True , g~ 4.0934
iter:  0 inner_iter:  0 , delta:  3.12 , D_min 0.08 , D_max 3.2 , g:  95.0494
One-step Policy Improvement iter: 0 ( 0 ) reached max_time = True , g~ 95.0494
