Rounded t down to nearest multiple of 1/gamma.
J = 3 , D = 434 , s = 2 , gamma = 25.0 , (P= 1000.0 ) , load= 0.7605 
 lambda: [0.3994 0.2675 0.525 ] 
 mu: [0.8788 0.4975 0.9926] 
 Target: [1. 1. 1.] 
 r: [1. 1. 1.] 
 c: [1. 1. 1.] 
 s_star: [0.6292 0.5387 0.8321] 
 rho: [0.7224 0.9981 0.6356] 
 P(W>D): [0.05763651 0.99024071 0.00415228] 
 Weighted cap_prob: 0.2434 
 W:  71.1183 GB. 
 V:  17.7796 GB.
